1000
P0 89 86 96
P1 26 90 21
P2 93 82 46
P3 19 90 21
P4 66 75 52
P5 37 7 48
P6 56 40 96
P7 29 97 46
P8 45 8 75
P9 82 65 10
P10 90 96 73
P11 64 74 45
P12 76 95 14
P13 8 63 78
P14 54 81 40
P15 71 38 8
P16 3 50 57
P17 68 6 84
P18 75 65 82
P19 45 82 55
P20 90 78 79
P21 30 17 44
P22 1 94 22
P23 44 82 53
P24 11 4 80
P25 100 38 64
P26 11 4 99
P27 26 71 50
P28 73 27 63
P29 90 21 77
P30 22 54 11
P31 78 50 13
P32 5 77 25
P33 29 13 22
P34 4 33 89
P35 17 52 1
P36 49 13 83
P37 1 92 29
P38 78 62 37
P39 99 16 22
P40 43 24 19
P41 59 42 7
P42 68 18 69
P43 58 29 46
P44 33 32 33
P45 23 11 98
P46 2 75 61
P47 85 74 53
P48 43 38 12
P49 62 59 87
P50 37 23 40
P51 45 19 8
P52 89 82 41
P53 91 64 56
P54 29 98 2
P55 58 81 99
P56 24 68 22
P57 90 81 38
P58 70 92 12
P59 68 66 31
P60 87 64 65
P61 3 96 82
P62 28 19 74
P63 97 61 14
P64 40 53 41
P65 87 26 77
P66 40 86 5
P67 12 22 51
P68 33 63 4
P69 8 95 18
P70 19 42 32
P71 82 80 85
P72 30 65 66
P73 16 24 42
P74 78 14 10
P75 20 34 93
P76 10 81 83
P77 76 48 96
P78 73 15 38
P79 55 26 63
P80 25 57 99
P81 36 53 46
P82 43 82 43
P83 94 32 17
P84 40 25 98
P85 12 63 30
P86 99 49 81
P87 31 23 2
P88 2 7 10
P89 22 34 34
P90 61 99 98
P91 45 54 0
P92 96 24 96
P93 7 29 75
P94 28 70 98
P95 46 69 6
P96 80 21 93
P97 86 47 56
P98 83 35 27
P99 72 24 13
P100 21 37 50
P101 76 81 23
P102 6 3 27
P103 45 55 36
P104 38 9 67
P105 62 15 23
P106 28 23 83
P107 37 52 30
P108 91 45 91
P109 52 90 79
P110 39 43 85
P111 98 53 3
P112 17 67 98
P113 71 19 14
P114 72 58 68
P115 32 25 91
P116 84 93 58
P117 98 25 48
P118 31 23 38
P119 33 91 33
P120 32 95 2
P121 52 36 79
P122 68 80 64
P123 26 16 61
P124 15 8 9
P125 62 18 25
P126 99 20 64
P127 85 65 7
P128 9 38 64
P129 58 34 39
P130 20 51 33
P131 65 31 63
P132 78 41 21
P133 92 6 9
P134 85 60 80
P135 97 69 10
P136 9 51 71
P137 68 68 53
P138 15 58 9
P139 87 44 61
P140 36 78 20
P141 78 20 21
P142 34 60 81
P143 86 16 54
P144 50 8 75
P145 63 82 36
P146 76 11 93
P147 79 61 76
P148 95 20 27
P149 30 19 74
P150 13 75 53
P151 37 99 6
P152 84 98 14
P153 8 27 92
P154 60 19 57
P155 45 64 38
P156 67 21 24
P157 0 13 47
P158 51 92 11
P159 15 10 1
P160 10 74 66
P161 53 9 78
P162 99 13 79
P163 31 20 62
P164 45 82 12
P165 36 96 82
P166 8 5 61
P167 71 37 32
P168 57 63 4
P169 51 89 68
P170 23 29 15
P171 29 8 94
P172 70 35 4
P173 35 2 59
P174 48 91 91
P175 66 11 99
P176 72 92 74
P177 0 33 79
P178 79 88 78
P179 16 28 31
P180 40 56 33
P181 21 28 70
P182 98 47 59
P183 29 68 12
P184 69 51 51
P185 96 17 28
P186 47 72 83
P187 55 74 41
P188 75 25 54
P189 80 84 94
P190 34 11 59
P191 68 37 60
P192 7 78 68
P193 8 47 80
P194 21 61 94
P195 68 36 78
P196 27 37 98
P197 47 78 77
P198 42 36 82
P199 76 84 14
P200 20 99 66
P201 43 47 43
P202 50 6 18
P203 71 47 77
P204 49 32 81
P205 56 98 37
P206 75 53 20
P207 96 25 22
P208 67 96 22
P209 74 59 27
P210 21 46 86
P211 91 40 52
P212 90 70 96
P213 1 24 86
P214 16 67 75
P215 66 52 13
P216 39 60 89
P217 63 99 36
P218 74 46 26
P219 59 38 1
P220 87 18 92
P221 37 84 76
P222 64 85 84
P223 74 100 26
P224 65 26 27
P225 67 44 70
P226 94 15 29
P227 42 3 80
P228 4 65 30
P229 98 94 71
P230 30 75 51
P231 61 51 45
P232 5 24 8
P233 11 23 43
P234 55 99 95
P235 54 54 72
P236 36 73 54
P237 39 84 19
P238 79 98 28
P239 3 50 46
P240 64 5 90
P241 75 24 78
P242 89 44 24
P243 56 23 60
P244 4 75 17
P245 32 63 56
P246 96 62 12
P247 75 9 94
P248 16 78 17
P249 5 9 55
P250 55 69 75
P251 83 73 65
P252 65 69 67
P253 78 99 49
P254 4 82 86
P255 45 26 22
P256 14 19 75
P257 16 78 96
P258 38 43 86
P259 67 64 38
P260 19 80 3
P261 89 44 85
P262 23 33 17
P263 3 57 41
P264 93 58 46
P265 38 33 82
P266 52 2 87
P267 13 69 33
P268 40 66 65
P269 54 67 93
P270 57 70 73
P271 6 22 62
P272 88 92 66
P273 57 17 28
P274 24 57 97
P275 100 88 100
P276 51 3 21
P277 94 34 100
P278 85 100 44
P279 69 47 22
P280 32 15 18
P281 36 56 3
P282 50 77 20
P283 13 64 25
P284 65 37 76
P285 89 0 66
P286 46 66 51
P287 99 9 98
P288 46 94 56
P289 16 61 98
P290 32 24 78
P291 61 26 62
P292 46 58 100
P293 98 21 23
P294 82 85 87
P295 51 96 40
P296 82 72 97
P297 95 88 53
P298 60 42 10
P299 63 24 70
P300 46 78 94
P301 49 70 33
P302 2 20 39
P303 73 18 7
P304 17 33 26
P305 6 35 15
P306 86 97 51
P307 32 97 42
P308 27 47 26
P309 9 55 35
P310 69 23 21
P311 17 61 43
P312 92 6 100
P313 43 26 49
P314 49 81 78
P315 17 81 34
P316 74 42 22
P317 96 93 7
P318 71 90 20
P319 4 2 67
P320 86 55 2
P321 49 45 5
P322 58 22 88
P323 8 67 97
P324 67 8 58
P325 75 98 90
P326 17 2 89
P327 96 9 24
P328 34 75 32
P329 12 20 84
P330 68 11 61
P331 65 54 43
P332 60 23 40
P333 56 60 12
P334 75 50 80
P335 6 69 11
P336 60 20 30
P337 81 25 68
P338 35 50 82
P339 26 88 82
P340 27 58 30
P341 67 31 68
P342 15 69 10
P343 61 39 21
P344 36 37 58
P345 45 13 51
P346 71 90 77
P347 40 33 36
P348 87 92 77
P349 79 19 98
P350 85 1 58
P351 20 64 100
P352 76 80 76
P353 23 61 44
P354 55 2 55
P355 45 48 99
P356 53 68 80
P357 50 38 60
P358 52 88 80
P359 12 89 22
P360 34 46 44
P361 72 1 52
P362 54 50 35
P363 74 30 68
P364 63 75 0
P365 29 5 93
P366 26 38 17
P367 32 88 77
P368 32 23 28
P369 72 88 91
P370 46 3 21
P371 89 31 52
P372 100 33 11
P373 36 97 88
P374 84 23 89
P375 84 75 6
P376 50 48 18
P377 37 64 92
P378 65 39 83
P379 32 87 43
P380 88 55 90
P381 55 87 61
P382 74 83 89
P383 44 72 57
P384 70 77 85
P385 84 63 61
P386 77 28 27
P387 39 29 51
P388 21 51 76
P389 20 19 68
P390 57 8 29
P391 34 72 64
P392 5 0 78
P393 7 24 71
P394 10 78 80
P395 23 26 99
P396 42 84 94
P397 6 49 3
P398 89 27 1
P399 93 90 35
P400 37 95 85
P401 32 58 98
P402 97 41 60
P403 52 59 54
P404 89 18 84
P405 57 73 69
P406 0 50 16
P407 81 94 24
P408 57 60 37
P409 86 33 59
P410 82 25 65
P411 23 48 37
P412 19 2 61
P413 24 58 90
P414 16 50 87
P415 61 22 4
P416 45 42 36
P417 89 55 19
P418 25 62 28
P419 8 10 29
P420 27 34 9
P421 79 79 14
P422 40 25 77
P423 51 87 43
P424 16 23 27
P425 50 91 33
P426 3 18 29
P427 40 52 70
P428 30 86 87
P429 80 31 2
P430 77 65 48
P431 100 38 27
P432 88 56 22
P433 16 95 21
P434 22 5 24
P435 52 12 12
P436 27 17 44
P437 93 56 100
P438 85 62 24
P439 35 26 62
P440 94 20 57
P441 92 84 74
P442 74 11 28
P443 36 5 93
P444 50 97 1
P445 53 11 37
P446 17 15 11
P447 54 3 9
P448 8 78 12
P449 32 7 36
P450 26 98 41
P451 50 1 22
P452 85 92 64
P453 86 10 18
P454 33 91 86
P455 24 10 96
P456 15 23 100
P457 84 53 34
P458 28 22 13
P459 40 75 27
P460 96 93 4
P461 47 10 93
P462 38 24 47
P463 66 89 48
P464 24 9 66
P465 81 83 3
P466 60 22 87
P467 58 30 79
P468 41 36 66
P469 56 40 69
P470 38 95 9
P471 86 52 64
P472 23 12 52
P473 29 87 40
P474 65 19 23
P475 26 74 54
P476 50 26 27
P477 47 70 24
P478 14 80 65
P479 78 80 41
P480 77 29 50
P481 35 87 5
P482 41 9 28
P483 53 43 43
P484 53 6 62
P485 12 13 97
P486 47 49 34
P487 83 65 50
P488 21 90 63
P489 45 16 8
P490 67 82 7
P491 78 45 55
P492 67 34 74
P493 6 33 13
P494 3 81 96
P495 32 99 98
P496 42 24 54
P497 30 9 5
P498 77 62 68
P499 78 92 40
P500 57 72 62
P501 61 24 94
P502 39 45 87
P503 100 83 10
P504 77 33 81
P505 93 23 63
P506 10 85 63
P507 1 81 32
P508 92 47 23
P509 66 74 86
P510 28 81 15
P511 88 90 74
P512 95 5 33
P513 86 79 85
P514 58 90 12
P515 43 26 85
P516 17 3 49
P517 82 41 5
P518 31 68 37
P519 2 67 62
P520 80 94 97
P521 25 65 66
P522 46 32 32
P523 56 81 64
P524 52 72 48
P525 52 30 39
P526 39 90 21
P527 94 49 23
P528 76 66 86
P529 71 89 82
P530 25 21 80
P531 10 18 54
P532 97 82 81
P533 57 33 45
P534 5 77 91
P535 28 35 97
P536 99 59 91
P537 60 81 74
P538 8 13 80
P539 1 24 78
P540 42 42 10
P541 21 18 60
P542 71 48 2
P543 21 94 26
P544 17 55 63
P545 8 22 24
P546 66 84 51
P547 92 29 79
P548 78 69 64
P549 74 21 49
P550 71 76 54
P551 100 79 65
P552 3 77 72
P553 64 19 69
P554 37 51 16
P555 98 57 85
P556 17 41 73
P557 98 65 83
P558 35 99 75
P559 6 48 18
P560 17 53 4
P561 13 0 48
P562 19 55 96
P563 91 87 57
P564 27 25 37
P565 20 27 11
P566 91 2 87
P567 24 17 63
P568 60 49 88
P569 45 0 5
P570 89 26 68
P571 93 26 65
P572 57 84 90
P573 36 60 66
P574 24 47 20
P575 20 57 79
P576 84 40 96
P577 98 66 67
P578 59 55 63
P579 52 40 70
P580 23 36 24
P581 14 70 42
P582 31 81 83
P583 31 8 98
P584 63 57 87
P585 48 67 11
P586 42 86 7
P587 78 32 79
P588 21 66 4
P589 88 27 59
P590 30 91 78
P591 94 73 34
P592 83 0 82
P593 14 30 74
P594 87 31 8
P595 2 10 56
P596 5 7 55
P597 7 91 95
P598 14 37 94
P599 67 42 54
P600 56 43 48
P601 63 86 17
P602 52 42 12
P603 55 22 92
P604 85 49 99
P605 13 56 81
P606 60 79 59
P607 95 91 0
P608 46 12 46
P609 30 6 3
P610 86 78 44
P611 26 87 26
P612 82 85 87
P613 33 17 27
P614 57 27 92
P615 86 2 67
P616 11 26 85
P617 80 90 27
P618 61 0 28
P619 61 32 84
P620 58 75 61
P621 30 55 6
P622 76 41 6
P623 8 15 71
P624 14 46 78
P625 89 77 46
P626 56 90 17
P627 94 48 38
P628 97 95 21
P629 99 56 20
P630 49 8 70
P631 36 99 75
P632 96 92 39
P633 33 52 71
P634 45 9 47
P635 39 30 82
P636 32 73 54
P637 83 21 83
P638 33 93 8
P639 66 55 19
P640 67 40 33
P641 3 24 92
P642 69 98 93
P643 36 41 53
P644 95 52 31
P645 8 65 4
P646 76 49 60
P647 93 9 59
P648 26 9 23
P649 94 19 96
P650 99 71 78
P651 47 53 64
P652 80 55 17
P653 16 43 69
P654 72 17 77
P655 45 44 86
P656 68 41 68
P657 99 98 75
P658 30 81 79
P659 90 9 71
P660 51 99 63
P661 44 13 63
P662 43 49 88
P663 39 38 6
P664 57 28 55
P665 21 7 7
P666 85 90 95
P667 41 25 41
P668 42 38 68
P669 53 1 90
P670 31 74 99
P671 16 100 23
P672 95 27 90
P673 45 63 6
P674 76 73 1
P675 69 69 82
P676 27 23 72
P677 74 93 75
P678 61 18 37
P679 21 80 77
P680 42 58 65
P681 99 82 76
P682 74 87 47
P683 75 61 9
P684 31 26 95
P685 76 1 100
P686 99 22 61
P687 28 79 85
P688 69 74 41
P689 67 51 18
P690 54 59 31
P691 66 5 91
P692 58 20 86
P693 30 24 19
P694 15 81 74
P695 40 0 14
P696 45 22 79
P697 7 97 60
P698 35 59 26
P699 37 7 43
P700 4 16 62
P701 3 58 64
P702 14 43 0
P703 98 9 79
P704 45 90 6
P705 72 18 33
P706 76 22 65
P707 30 80 11
P708 2 45 61
P709 12 74 79
P710 100 12 12
P711 45 46 24
P712 19 49 26
P713 22 14 19
P714 6 52 89
P715 15 46 33
P716 93 25 97
P717 5 42 83
P718 16 52 14
P719 81 53 18
P720 10 56 34
P721 5 0 14
P722 77 5 2
P723 63 71 73
P724 67 91 75
P725 12 39 92
P726 90 21 38
P727 75 20 87
P728 32 0 64
P729 63 75 100
P730 31 48 18
P731 64 57 99
P732 58 53 20
P733 49 52 82
P734 45 13 83
P735 75 87 80
P736 46 35 19
P737 90 22 62
P738 65 19 13
P739 22 36 21
P740 83 5 33
P741 64 61 1
P742 70 16 16
P743 48 42 42
P744 1 71 42
P745 36 88 70
P746 78 41 43
P747 2 56 89
P748 2 93 6
P749 13 34 100
P750 8 79 47
P751 9 24 99
P752 26 83 98
P753 28 33 5
P754 18 12 35
P755 97 54 60
P756 17 62 68
P757 86 35 17
P758 57 51 74
P759 20 34 82
P760 5 95 69
P761 6 15 87
P762 9 62 67
P763 27 1 85
P764 74 25 25
P765 18 20 46
P766 53 78 23
P767 28 12 9
P768 52 32 37
P769 21 73 31
P770 30 78 80
P771 36 86 73
P772 85 45 43
P773 50 77 55
P774 90 33 19
P775 73 51 95
P776 74 17 48
P777 75 39 6
P778 80 86 91
P779 80 20 36
P780 35 58 87
P781 15 64 62
P782 10 26 8
P783 66 96 83
P784 34 15 40
P785 54 73 57
P786 0 90 10
P787 35 86 62
P788 38 14 9
P789 9 24 26
P790 44 15 72
P791 98 12 50
P792 32 37 63
P793 72 92 76
P794 52 59 42
P795 22 17 8
P796 86 72 20
P797 32 83 61
P798 7 88 17
P799 49 70 43
P800 87 51 71
P801 94 7 91
P802 30 0 89
P803 55 28 97
P804 8 2 98
P805 73 58 97
P806 54 92 5
P807 45 45 72
P808 75 83 81
P809 0 45 57
P810 9 75 9
P811 52 39 79
P812 70 67 96
P813 28 63 80
P814 34 10 49
P815 72 75 30
P816 64 99 28
P817 16 79 27
P818 2 44 86
P819 23 67 41
P820 9 61 40
P821 13 45 72
P822 17 36 6
P823 24 74 0
P824 94 40 7
P825 39 25 98
P826 68 72 50
P827 50 26 66
P828 59 90 76
P829 25 95 1
P830 10 21 40
P831 90 34 27
P832 0 64 43
P833 79 53 61
P834 8 71 56
P835 88 65 60
P836 11 34 83
P837 71 77 20
P838 82 66 39
P839 35 45 47
P840 41 57 95
P841 10 74 15
P842 21 24 30
P843 47 80 42
P844 18 97 55
P845 59 30 34
P846 62 23 100
P847 76 61 62
P848 30 100 77
P849 82 80 20
P850 65 70 90
P851 55 10 14
P852 56 76 36
P853 22 95 9
P854 6 84 66
P855 36 98 88
P856 97 11 91
P857 77 75 91
P858 14 0 73
P859 35 86 10
P860 67 8 82
P861 12 92 10
P862 33 89 78
P863 69 86 97
P864 99 22 68
P865 95 63 77
P866 99 19 2
P867 58 76 41
P868 30 75 52
P869 84 42 69
P870 87 53 29
P871 97 6 14
P872 36 94 11
P873 18 17 94
P874 72 64 28
P875 41 81 20
P876 98 1 39
P877 85 60 20
P878 67 53 17
P879 27 1 30
P880 85 25 68
P881 20 9 23
P882 26 59 33
P883 47 97 79
P884 96 78 54
P885 27 15 34
P886 50 10 62
P887 79 41 70
P888 5 13 1
P889 74 22 15
P890 60 91 67
P891 48 71 79
P892 15 19 24
P893 45 45 35
P894 55 52 90
P895 80 37 37
P896 69 73 45
P897 20 26 74
P898 19 2 38
P899 0 46 58
P900 19 87 52
P901 43 99 7
P902 62 14 37
P903 71 2 38
P904 36 77 32
P905 71 4 71
P906 88 25 58
P907 2 48 87
P908 72 21 45
P909 8 26 3
P910 18 76 17
P911 90 90 62
P912 52 81 1
P913 63 12 11
P914 100 75 28
P915 78 92 13
P916 92 47 73
P917 91 64 86
P918 9 58 77
P919 72 54 54
P920 21 45 34
P921 17 30 81
P922 78 14 68
P923 98 20 84
P924 12 27 68
P925 32 97 90
P926 19 63 14
P927 70 94 46
P928 26 19 3
P929 80 56 27
P930 4 92 65
P931 55 6 51
P932 9 8 65
P933 64 4 63
P934 36 31 78
P935 39 39 78
P936 57 23 41
P937 86 87 28
P938 0 64 35
P939 23 14 0
P940 41 44 5
P941 69 36 94
P942 93 64 38
P943 40 55 15
P944 24 77 9
P945 42 26 56
P946 42 95 23
P947 92 15 67
P948 12 52 24
P949 64 1 17
P950 12 4 62
P951 90 58 1
P952 2 89 94
P953 87 9 32
P954 41 13 56
P955 71 47 82
P956 17 73 60
P957 18 46 5
P958 6 96 93
P959 88 78 70
P960 27 100 3
P961 58 13 0
P962 92 25 90
P963 97 93 88
P964 36 97 56
P965 27 33 15
P966 65 78 84
P967 84 2 47
P968 12 7 23
P969 73 10 73
P970 40 53 21
P971 54 69 41
P972 7 19 80
P973 76 13 40
P974 76 66 45
P975 84 85 67
P976 4 37 6
P977 80 68 17
P978 25 97 69
P979 95 72 81
P980 48 79 3
P981 72 57 97
P982 52 20 39
P983 21 82 83
P984 91 80 90
P985 65 40 48
P986 54 33 64
P987 61 87 22
P988 22 41 81
P989 88 51 81
P990 35 76 45
P991 24 31 43
P992 81 34 3
P993 29 30 84
P994 76 34 8
P995 36 6 59
P996 71 8 10
P997 41 59 76
P998 36 77 7
P999 1 5 9
